7.200000000000000000e+01
1.810000000000000000e+02
1.990000000000000000e+02
2.020000000000000000e+02
2.030000000000000000e+02
2.330000000000000000e+02
3.050000000000000000e+02
3.390000000000000000e+02
8.800000000000000000e+01
1.140000000000000000e+02
2.090000000000000000e+02
2.120000000000000000e+02
2.860000000000000000e+02
3.440000000000000000e+02
1.350000000000000000e+02
3.480000000000000000e+02
2.720000000000000000e+02
2.920000000000000000e+02
3.420000000000000000e+02
1.760000000000000000e+02
2.640000000000000000e+02
