4.800000000000000000e+01
7.200000000000000000e+01
8.800000000000000000e+01
9.300000000000000000e+01
9.400000000000000000e+01
9.500000000000000000e+01
1.140000000000000000e+02
1.350000000000000000e+02
1.380000000000000000e+02
1.420000000000000000e+02
1.760000000000000000e+02
1.810000000000000000e+02
1.920000000000000000e+02
1.930000000000000000e+02
1.990000000000000000e+02
2.010000000000000000e+02
2.020000000000000000e+02
2.030000000000000000e+02
2.040000000000000000e+02
2.090000000000000000e+02
2.120000000000000000e+02
2.140000000000000000e+02
2.290000000000000000e+02
2.310000000000000000e+02
2.330000000000000000e+02
2.380000000000000000e+02
2.640000000000000000e+02
2.650000000000000000e+02
2.660000000000000000e+02
2.720000000000000000e+02
2.860000000000000000e+02
2.920000000000000000e+02
2.990000000000000000e+02
3.040000000000000000e+02
3.050000000000000000e+02
3.090000000000000000e+02
3.100000000000000000e+02
3.120000000000000000e+02
3.140000000000000000e+02
3.150000000000000000e+02
3.390000000000000000e+02
3.410000000000000000e+02
3.420000000000000000e+02
3.440000000000000000e+02
3.470000000000000000e+02
3.480000000000000000e+02
3.490000000000000000e+02
3.630000000000000000e+02
3.640000000000000000e+02
