342
343
344
345
346
347
348
349
350
351
352
353
354
355
356
357
358
359
360
361
362
363
364
365
366
367
115
41
79
86
155
7
75
125
83
46
137
164
24
160
151
107
78
130
114
64
57
43
89
49
20
154
150
13
77
21
127
63
134
133
68
117
48
72
100
10
61
157
85
136
26
132
30
80
32
69
67
147
93
149
70
142
152
87
81
58
47
99
92
39
73
109
90
52
71
98
139
95
11
112
94
120
12
16
106
51
124
40
108
27
18
14
19
22
31
33
129
163
55
161
131
50
15
36
8
3
119
156
103
4
104
74
82
118
148
37
116
144
153
146
53
123
143
88
17
60
121
2
97
162
34
140
122
135
5
62
1
38
111
65
42
66
105
29
101
35
76
23
91
45
158
96
102
9
113
145
138
128
110
141
126
56
159
54
28
44
84
25
6
59
328
329
330
368
331
332
333
334
318
234
232
202
187
241
247
267
207
221
294
317
248
252
275
219
266
170
208
185
203
210
227
260
299
189
237
286
231
213
209
279
270
230
228
183
325
291
193
256
271
319
283
184
295
246
175
211
245
281
315
264
251
206
311
308
314
254
176
243
306
235
215
261
179
238
293
300
190
326
239
242
312
277
173
172
182
186
288
255
280
196
201
302
195
273
322
307
223
177
165
169
205
192
297
217
268
199
303
284
285
253
324
296
292
204
191
263
214
265
226
320
301
269
276
313
327
167
298
257
240
282
244
174
212
272
197
304
262
323
216
287
233
220
181
180
249
236
259
321
316
222
225
289
250
198
229
258
274
218
166
188
309
224
290
200
278
305
178
168
310
171
194
335
336
337
338
339
340
341
